2013	6.533333333	0.034008786	2.164248078
2012	8.033333333	11.03891616	1.087561188
2011	7.5	1.992248711	3.452864313
2010	8.1	1.739966668	2.436886427
2009	7.566666667	1.838913679	1.835123911
2008	7.666666667	-0.125153153	0.242504607
2007	7.733333333	2.283903616	2.849249418
2006	7	1.105718282	3.286693026
2005	8.1	0.479179697	0.165603832
2004	6.466666667	2.969582456	3.534026822
2003	7.833333333	2.600838315	1.749684394
2002	5.833333333	2.765541203	3.979100967
2001	7.9	-0.498328704	-0.483471431
2000	7.366666667	0.325172138	2.988119252
1999	6.466666667	3.009567637	3.686948377
1998	7.333333333	0.979101	0.944458842
1997	6.366666667	0.514450282	1.879067799
1996	5.166666667	0.441002475	1.91938353
1995	7.5	-0.046920913	0.599024652
1994	5.833333333	-0.556507597	0.921407615
1993	6.466666667	-0.556507597	0.606319786
1992	4.366666667	-0.556507597	4.178844861
1991	6.6	1.562106903	0.291312254
1990	7.8	1.094067713	-0.555777758
1989	5.8	0.354403153	0.057489652
1988	6.5	5.894060636	1.723760141
1987	8	4.712031109	0.376411156
1986	6.3	-0.303037388	1.210109277
1985	7.633333333	0.295751428	0.113010408
1984	6.033333333	-0.477446622	0.304197609
1983	5.4	-0.498397649	-0.890755458
1982	6.066666667	-0.415434661	-1.057306173
1981	6.533333333	0.103946716	-0.793065668
1980	6.3	-0.514820879	-0.818772708
1979	6.133333333	-0.472163237	-0.677936946
1978	6.5	0.357924747	-0.188779779
1977	6.7	0.09566015	-0.48699858
1976	5.833333333	0.36859911	-0.44546352
1975	6.666666667	0.356378093	0.173071109
1974	6.066666667	-0.330042719	-0.328780986
1973	5.833333333	0.456458139	0.644697657
1972	3.666666667	0.159557906	-0.723382009
1971	6.333333333	1.014785195	0.718936885
1970	4.766666667	1.595379455	0.337180592
1969	6.366666667	0.148643792	-0.632201059
1968	6.733333333	-0.184753345	1.30190853
1967	6.3	-0.258555926	0.366089613
1966	6.166666667	1.974651607	-0.387321353
1965	6.066666667	1.801954295	-0.545393531
1964	4.533333333	-0.489129813	-0.362390254
1963	5.3	-0.058713424	0.146335644
1962	6	-0.46758013	1.05113932
1961	7.266666667	-0.37375971	0.423751099
1960	8.766666667	-0.4373341	0.317400566
1959	6	0.383305338	2.038124733
1958	6.433333333	0.932705369	0.94448098
1957	7.733333333	0.606407958	2.07407314
1956	5.533333333	-0.513052459	1.009551561
1955	4.8	-0.512553989	-0.25237707
1954	5.033333333	-0.556507597	-0.152467485
1953	5.533333333	0.028638117	-0.600451246
1952	6.466666667	-0.338702273	-0.173768089
1951	6.4	-0.164839944	0.413700932
1950	6.833333333	0.350767997	1.001558861
1949	7.133333333	0.789778757	-0.417158485
1948	7.6	-0.311205296	0.398708746
1947	6.533333333	-0.465416226	2.076556655
1946	6.033333333	-0.414618202	2.155976337
1945	6.033333333	0.101301764	0.989213117
1944	5.833333333	0.175645475	0.657450659
1943	5.966666667	0.436287668	1.399353585
1942	6.033333333	-0.443366047	0.216711081
1941	6.5	-0.48787904	0.121765024
1940	5.7	-0.339114709	-0.867335759
1939	5.833333333	-0.513052459	-0.393303323
1938	5.666666667	-0.556507597	-0.845234157
1937	5.966666667	-0.517448092	-0.541073717
1936	6.7	-0.468769758	0.694754086
1935	7	-0.513052459	-0.325197687
1934	6.233333333	-0.107840505	-0.536835709
1933	6.5	0.229535543	1.470122294
1932	5.933333333	0.072697236	1.776842208
1931	8.533333333	1.083927677	0.196412046
1930	6.066666667	0.65068766	-0.782246779
1929	6.3	1.337151293	-0.205889718
1928	7.533333333	0.589556806	2.101392843
1927	6.066666667	-0.143683787	0.274320918
1926	7.1	-0.556507597	0.552638593
1925	4.566666667	-0.425308774	-0.116204425
1924	5.966666667	-0.556507597	-0.441843426
1923	6.166666667	0.302546877	-0.160540802
1922	4.566666667	-0.556507597	0.764394534
1921	6.133333333	-0.486328682	0.173173077
1920	5.666666667	-0.513052459	-0.781678624
1919	3.933333333	-0.556507597	0.464870793
1918	4.3	-0.464057744	-0.139065792
1917	5.633333333	0.212192853	-0.81002189
1916	5.966666667	0.331741531	0.035630222
1915	5.8	0.241708802	-0.664928792
1914	4.266666667	-0.556507597	-1.088726137
1913	5.533333333	-0.484861414	-0.894730416
1912	6.833333333	-0.11258327	-0.674381578
1911	6.1	-0.456159931	-0.064809933
1910	5.966666667	-0.556507597	-0.230445577
1909	6.3	-0.194625152	0.512326396
1908	6.7	-0.188414275	-0.458611239
1907	6.166666667	-0.013318374	-0.542770421
1906	7.033333333	-0.050771755	-0.18145504
1905	5.966666667	-0.556507597	1.785847613
1904	7	1.775335876	0.032785903
1903	5.4	-0.513052459	1.19522924
1902	6.9	0.181379584	-0.226878843
1901	4.733333333	-0.534780028	-0.678101262
1900	7.266666667	-0.346555609	0.004233339
1899	5.766666667	-0.513379709	-0.101079379
1898	4.833333333	-0.556507597	-0.723720052
1897	5.5	0.448255347	1.59804815
1896	6.033333333	-0.462615829	-0.794114168
1895	4.866666667	0.697332297	-0.420838375
1894	4.8	-0.075675321	-0.726785842
1893	6.366666667	0.350779752	-0.192274014
1892	6.566666667	-0.501090634	0.784054819
1891	6.033333333	0.356353745	-0.305510757
1890	5.2	-0.395774057	2.143060095
1889	4.9	2.075783464	-0.77141354
1888	6.666666667	-0.49132489	-0.085978232
1887	4.9	-0.534936396	0.870539202
1886	4.866666667	-0.534780028	1.178901159
1885	4.933333333	-0.47976647	0.627150626
1884	4.566666667	-0.172151455	-0.40195457
1883	5.066666667	-0.413383298	-0.469960874
1882	5	-0.412530852	-0.876783661
1881	5.1	-0.529640512	-0.424510045
1880	4.966666667	0.557894765	-0.640950215
1879	5.4	-0.472294722	-0.664968448
1878	5.833333333	-0.112635733	-0.468641238
1877	6.3	-0.407527402	-0.038697204
1876	4.8	0.359515911	-0.724509812
1875	4.366666667	-0.324515038	-0.874078329
1874	6.2	-0.190917074	-0.070871721
1873	5.1	-0.302283098	0.859540915
1872	6.2	-0.163866353	-0.355667323
1871	5.766666667	-0.512250925	-0.275651286
1870	5	-0.461757938	1.220414294
1869	4.066666667	-0.513052459	-1.02615091
1868	3.4	-0.260862468	-1.063247976
1867	5.866666667	-0.259996419	-0.41938722
1866	4	-0.556507597	0.71053925
1865	3.233333333	-0.475540635	1.057365697
1864	4.2	2.189226614	0.283693399
1863	2.966666667	-0.219964372	0.440584817
1862	4.766666667	-0.421620684	-0.197269153
1861	4.433333333	1.795945852	0.474372485
1860	5.766666667	0.227370223	-1.088726137
1859	4.5	-0.445812494	-1.031467565
1858	6.2	-0.467150963	-0.717028088
1857	6.733333333	-0.084144859	-0.584973725
1856	4.633333333	-0.46297753	0.045144719
1855	4.066666667	-0.275404803	-1.088726137
1854	NaN	-0.230156491	-0.858505448
1853	NaN	-0.391918746	-0.20732263
1852	NaN	0.328751826	-0.56489568
1851	NaN	-0.264657288	-0.222650707
1850	5.833333333	-0.163445071	-0.365995926
1849	5.166666667	-0.278270936	0.188006668
1848	6.566666667	-0.297084859	-0.86932647
1847	4.233333333	-0.441767878	-0.226759653
1846	3.966666667	-0.017370664	0.234802872
1845	5.833333333	-0.067181345	-0.64589539
1844	5.266666667	-0.11867022	-1.088726137
1843	4.733333333	-0.532278431	-0.727231649
1842	4.133333333	-0.513052459	0.181468323
1841	3.5	-0.443882475	0.084487792
1840	4.1	-0.120983586	-0.300010891
1839	NaN	-0.527704565	-0.591046162
1838	NaN	-0.387248932	0.300546797
1837	NaN	-0.488649942	0.629791194
1836	NaN	-0.364950853	-0.594385801
1835	NaN	0.043784979	-0.640135634
1834	NaN	-0.447869752	-0.654022458
1833	NaN	-0.061309851	-0.808286308
1832	NaN	-0.513052459	-0.600865499
1831	NaN	-0.437808276	-1.088726137
1830	NaN	-0.467545279	-0.97382411
1829	NaN	0.508861101	-0.626248467
1828	NaN	0.098504877	-0.476480929
1827	NaN	-0.246224786	-1.028010148
1826	NaN	0.504018466	-0.290290808
1825	NaN	0.701779521	-0.528282144
1824	NaN	-0.534780028	-1.004102938
1823	NaN	-0.216523568	0.220707802
1822	NaN	-0.373191958	0.50380794
1821	NaN	-0.208866494	0.933593088
1820	NaN	0.529870849	-0.313906028
1819	NaN	-0.469597321	3.442131334
1818	NaN	-0.165411356	-0.368723276
1817	NaN	-0.513052459	1.301007955
1816	NaN	0.269140022	-0.516111543
1815	NaN	-0.469597321	-0.520368084
1814	NaN	-0.382687046	-0.909067208
1813	NaN	-0.469597321	-0.857847674
1812	NaN	0.182229747	-0.462369277
1811	NaN	-0.469597321	-0.41215768
1810	NaN	-0.513052459	-0.558731543
1809	NaN	-0.469597321	-0.464032621
1808	NaN	-0.252321632	-0.608544288
1807	NaN	-0.469597321	-0.361529416
1806	NaN	-0.513052459	1.486762251
1805	NaN	0.182229747	0.903176456
1804	NaN	0.616781125	0.621921702
1803	NaN	-0.252321632	-0.513971382
1802	NaN	-0.513052459	0.834125959
1801	NaN	1.181697917	-0.636629029
1800	NaN	1.181697917	-0.472649084
1799	NaN	-0.513052459	0.142755382
1798	NaN	-0.513052459	0.03221564
1797	NaN	-0.513052459	-0.16828611
1796	NaN	-0.426142183	-1.088726137
1795	NaN	-0.426142183	-0.162017271
1794	NaN	-0.339231908	-1.088726137
1793	NaN	-0.513052459	-1.088726137
1792	NaN	-0.165411356	-0.201310857
1791	NaN	0.182229747	0.761283463
1790	NaN	-0.556507597	0.730879221
1789	NaN	0.486415712	-0.335767717
1788	NaN	-0.556507597	0.696976099
1787	NaN	1.746614709	0.726113638
1786	NaN	0.616781125	3.23160855
1785	NaN	-0.513052459	-0.017608453
1784	NaN	-0.469597321	-0.131744106
1783	NaN	-0.513052459	-0.648715968
1782	NaN	1.963890399	-0.27639967
1781	NaN	0.660236263	0.434385989
1780	NaN	-0.556507597	-0.005624181
1779	NaN	-0.513052459	-1.088726137
1778	NaN	-0.556507597	-0.257508357
1777	NaN	-0.556507597	-0.950189841
1776	NaN	-0.469597321	1.819627635
1775	NaN	1.007877366	2.206473252
1774	NaN	1.355518469	-0.994115414
1773	NaN	-0.556507597	-0.880720692
1772	NaN	0.31259516	-0.255223248
1771	NaN	-0.469597321	0.388950585
1770	NaN	-0.556507597	-0.461027223
1769	NaN	-0.513052459	-0.24018833
1768	NaN	-0.426142183	-0.642133331
1767	NaN	-0.513052459	-1.088726137
1766	NaN	-0.556507597	-1.088726137
1765	NaN	-0.556507597	-1.088726137
1764	NaN	-0.121956218	-1.088726137
1763	NaN	-0.078501081	-1.005808033
1762	NaN	-0.556507597	-0.72999363
1761	NaN	0.31259516	-0.781733895
1760	NaN	-0.556507597	0.609753278
1759	NaN	-0.426142183	-0.733916581
1758	NaN	-0.556507597	-0.845499697
1757	NaN	-0.513052459	-0.740121771
1756	NaN	-0.556507597	-1.088726137
1755	NaN	-0.556507597	-0.57029014
1754	NaN	-0.513052459	-0.72999363
1753	NaN	-0.469597321	-0.945681792
1752	NaN	-0.513052459	-0.959117138
1751	NaN	-0.513052459	-1.012959358
1750	NaN	-0.469597321	-0.554542193
1749	NaN	-0.556507597	-0.611423535
1748	NaN	-0.29577677	-0.325041973
1747	NaN	-0.382687046	0.159736453
1746	NaN	-0.469597321	-0.231634368
1745	NaN	-0.513052459	-0.737389346
1744	NaN	-0.513052459	0.492289425
1743	NaN	0.92096709	1.430906816
1742	NaN	0.138774609	-1.088726137
1741	NaN	-0.513052459	-0.413675808
1740	NaN	-0.513052459	-1.088726137
1739	NaN	-0.513052459	-0.888952868
1738	NaN	-0.469597321	-0.781306445
1737	NaN	-0.513052459	-1.088726137
1736	NaN	-0.426142183	-1.088726137
1735	NaN	-0.469597321	-1.088726137
1734	NaN	-0.382687046	-1.088726137
1733	NaN	-0.469597321	0.887322627
1732	NaN	-0.513052459	0.575243945
1731	NaN	-0.29577677	0.824302693
1730	NaN	-0.426142183	1.447486327
1729	NaN	-0.121956218	0.624040722
1728	NaN	-0.556507597	0.550771099
1727	NaN	-0.121956218	1.326714305
1726	NaN	-0.469597321	-0.424480016
1725	NaN	0.529870849	0.824302693
1724	NaN	-0.556507597	-0.122549961
1723	NaN	-0.382687046	0.834882541
1722	NaN	-0.556507597	-0.704004402
1721	NaN	-0.556507597	-0.605638049
1720	NaN	-0.426142183	-0.730481038
1719	NaN	-0.208866494	1.230096687
1718	NaN	-0.513052459	-0.308353072
1717	NaN	-0.078501081	0.350473793
1716	NaN	-0.426142183	-0.847182093
1715	NaN	1.268608193	-1.088726137
1714	NaN	-0.426142183	-0.927696775
1713	NaN	-0.426142183	0.914901508
1712	NaN	0.486415712	-0.429969653
1711	NaN	-0.469597321	-0.927696775
1710	NaN	-0.339231908	-0.992978949
1709	NaN	-0.29577677	-1.088726137
1708	NaN	0.356050298	-0.466369411
1707	NaN	-0.339231908	0.887543316
1706	NaN	-0.469597321	0.48131015
1705	NaN	-0.556507597	0.96983842
1704	NaN	-0.556507597	-0.907568104
1703	NaN	1.833524985	-0.227001439
1702	NaN	-0.426142183	-0.847182093
1701	NaN	0.008409195	-0.967954115
1700	NaN	-0.426142183	-0.424480016
1699	NaN	-0.121956218	1.036861452
1698	NaN	0.269140022	0.789949762
1697	NaN	-0.469597321	-0.180811841
1696	NaN	-0.513052459	0.979153192
1695	NaN	-0.513052459	0.505464554
1694	NaN	0.616781125	-0.609537274
1693	NaN	-0.426142183	-0.551961595
1692	NaN	0.095319471	-0.444608686
1691	NaN	-0.382687046	-0.609537274
1690	NaN	-0.469597321	-0.342135455
1689	NaN	-0.556507597	-0.80904356
1688	NaN	-0.556507597	-0.315785196
1687	NaN	-0.426142183	-0.364094005
1686	NaN	-0.513052459	-0.969311104
1685	NaN	-0.078501081	-1.088726137
1684	NaN	-0.556507597	-0.847182093
1683	NaN	-0.556507597	-0.062163949
1682	NaN	-0.513052459	0.65735034
1681	NaN	1.007877366	-0.907568104
1680	NaN	-0.382687046	1.273037851
1679	NaN	-0.513052459	-0.738724321
1678	NaN	-0.469597321	-0.074241152
1677	NaN	-0.426142183	-1.088726137
1676	NaN	-0.556507597	-1.088726137
1675	NaN	-0.469597321	-0.712990958
1674	NaN	NaN	0.392216036
1673	NaN	NaN	0.521567491
1672	NaN	NaN	-0.781306445
1671	NaN	NaN	0.013455645
1670	NaN	NaN	-0.49828514
1669	NaN	NaN	0.48131015
1668	NaN	NaN	-0.468218068
1667	NaN	NaN	-0.847182093
1666	NaN	NaN	-0.798873284
1665	NaN	NaN	-0.638012352
1664	NaN	NaN	-1.088726137
1663	NaN	NaN	-0.945105354
1662	NaN	NaN	-0.869140643
1661	NaN	NaN	-0.847182093
1660	NaN	NaN	-1.088726137
1659	NaN	NaN	-0.907568104
1658	NaN	NaN	-0.015197052
1657	NaN	NaN	-0.337255777
1656	NaN	NaN	-1.088726137
1655	NaN	NaN	0.420924139
1654	NaN	NaN	0.145832311
1653	NaN	NaN	0.793481673
1652	NaN	NaN	-0.847182093
1651	NaN	NaN	-1.088726137
1650	NaN	NaN	-0.589847144
