2013	NaN	316.6479908
2012	NaN	389.2633403
2011	NaN	377.8089156
2010	NaN	337.365313
2009	NaN	301.9246873
2008	NaN	285.6357283
2007	NaN	318.9396059
2006	NaN	320.8771764
2005	NaN	305.2047101
2004	NaN	337.7413281
2003	NaN	351.9256674
2002	NaN	332.5552146
2001	NaN	285.2034863
2000	-0.05	311.5104577
1999	0.17	339.9685006
1998	0.53	307.2571383
1997	0.43	288.7591065
1996	0.6	278.248569
1995	0.39	255.1821505
1994	0.31	244.6004686
1993	0.52	262.2373091
1992	-0.59	291.8564714
1991	-0.05	271.5293791
1990	-0.27	245.0112552
1989	-0.19	271.3194578
1988	0.34	327.0622419
1987	-0.01	317.0513921
1986	0.59	269.4172223
1985	0.58	238.1176106
1984	0.2	217.913207
1983	0.24	197.3002972
1982	-0.08	190.3861733
1981	-0.39	194.1065393
1980	0.41	194.4691618
1979	-0.03	201.2877088
1978	0.03	213.3992686
1977	0.31	216.0968729
1976	-0.48	220.3240065
1975	-0.86	224.9526592
1974	-1.1	225.4343482
1973	-0.37	230.9129487
1972	-0.5	232.2249048
1971	-0.15	248.8526812
1970	-0.12	249.4033087
1969	0.48	235.9012483
1968	-0.11	241.2236837
1967	-0.06	241.8777667
1966	-0.09	241.8185808
1965	-0.03	233.4918219
1964	0.65	220.9413644
1963	0.08	227.5080713
1962	0.27	237.3773102
1961	0.93	235.4517273
1960	1.22	245.2260499
1959	0.69	271.106626
1958	0.18	281.0898604
1957	0.48	277.379319
1956	0.46	249.1912405
1955	0.19	219.5054187
1954	0.03	209.3641884
1953	0.62	209.442021
1952	-0.3	217.5751069
1951	-0.6	234.5264864
1950	-0.23	244.5702642
1949	-0.55	237.4741609
1948	-0.17	243.7788981
1947	-0.11	266.9779798
1946	0.05	273.7377741
1945	0.04	262.1714873
1944	-0.1	256.878463
1943	-0.35	254.5290261
1942	0.48	234.2098945
1941	-0.39	214.6071183
1940	0.74	201.3715206
1939	0.52	196.9152414
1938	0.22	195.3254999
1937	-0.22	205.1728919
1936	-0.55	218.0229071
1935	-0.08	214.5004335
1934	0.33	224.7171165
1933	-0.19	256.8013964
1932	0.08	267.7708062
1931	0.06	249.0828827
1930	-0.21	233.0336671
1929	-0.26	248.9910043
1928	-0.31	265.6205701
1927	0.11	246.6973398
1926	0.12	227.762661
1925	-0.17	215.1969618
1924	-0.03	211.1292876
1923	-0.07	221.6958823
1922	0.02	228.2332155
1921	-0.62	217.968333
1920	-0.46	208.6100822
1919	-1.11	214.6289742
1918	-0.83	213.497703
1917	-0.34	212.6757827
1916	-0.44	217.3364465
1915	-0.69	206.4416524
1914	-0.84	190.7943329
1913	-1	190.6119149
1912	-0.82	200.7026078
1911	-1.62	209.1884568
1910	-1.26	215.3423961
1909	-0.66	221.0415826
1908	-0.3	214.2508919
1907	-1.88	212.344406
1906	-1.19	228.3418404
1905	-1.95	252.2055831
1904	-0.89	256.9713682
1903	-1.11	244.7845352
1902	-0.58	222.6758894
1901	-0.51	207.9340324
1900	-1.45	210.1957836
1899	-0.77	210.0126787
1898	-0.35	218.3941547
1897	-0.51	235.6568227
1896	-0.35	220.6483992
1895	-0.04	212.6113137
1894	-0.94	212.7523978
1893	-0.81	222.4644538
1892	-1.2	231.9023644
1891	-0.9	240.7966197
1890	-0.67	254.9622528
1889	-1	242.7634584
1888	-1.33	228.7622438
1887	-0.88	236.6158182
1886	-0.87	242.5128625
1885	-1.35	231.6812007
1884	-0.8	214.0237203
1883	-0.8	201.7390161
1882	-1.04	196.6564396
1881	-0.72	201.6397253
1880	-0.85	206.0924417
1879	-0.35	203.4742158
1878	-0.03	206.8317987
1877	0.08	210.8152116
1876	-0.02	206.4759063
1875	-0.36	204.1013627
1874	-1.35	217.9384844
1873	-0.83	228.1097951
1872	-0.34	219.0757947
1871	-0.61	218.8160294
1870	-0.24	222.6644387
1869	-1.05	201.9091336
1868	-0.93	193.9529337
1867	-1.71	209.4389636
1866	-1.39	231.5960664
1865	-1.2	249.6424893
1864	-1.8	255.3845065
1863	-1.97	239.2594745
1862	-1.31	231.8888621
1861	-0.62	235.8461346
1860	-0.85	211.0116481
1859	-0.95	192.1147001
1858	-0.76	194.7449555
1857	-1.76	203.8250073
1856	-0.68	205.4076305
1855	-0.89	196.182781
1854	-1	196.9736284
1853	-0.65	206.5190115
1852	-0.23	211.6708106
1851	-0.86	212.3340073
1850	-1.26	213.6916941
1849	-1.04	212.9000048
1848	-1.01	205.4632616
1847	-0.38	210.5875897
1846	-1.35	217.0464936
1845	-1.1	206.1589071
1844	-1.57	194.9725002
1843	-1.7	199.0131962
1842	-1.63	212.1831705
1841	-1.41	216.3054725
1840	-0.75	210.9628014
1839	-1.06	209.0708687
1838	-1.43	220.1245655
1837	-2.23	222.4468217
1836	-1.51	209.7011372
1835	-1.59	202.3394005
1834	-1.51	198.7580803
1833	-0.85	196.9330481
1832	-0.97	193.199366
1831	-0.76	187.9055329
1830	-0.87	192.7118832
1829	-0.3	205.2304611
1828	-0.53	206.2464489
1827	-1.02	203.8487099
1826	-1.14	213.6227614
1825	-1.78	212.2673871
1824	-1.58	205.222849
1823	-1.82	218.7346954
1822	-2.23	233.8663601
1821	-1.6	241.0782259
1820	-1.14	253.1118977
1819	-1.3	268.606436
1818	-1.94	247.4229962
1817	-1.97	234.9455136
1816	-1.88	219.1974681
1815	-1.67	201.6953569
1814	-2.25	193.0681665
1813	-2.11	195.565203
1812	-1.96	204.0518542
1811	-1.79	203.6567259
1810	-1.73	200.2522974
1809	-1.23	200.5215392
1808	-0.87	203.5167134
1807	-1.38	218.305006
1806	-1.39	244.3779514
1805	-0.54	253.6727728
1804	-0.82	242.8353561
1803	-1.55	226.7348873
1802	-1.12	228.8449741
1801	-1.14	230.2012917
1800	-0.97	227.2988014
1799	-1.12	221.2887797
1798	-1.23	214.6966352
1797	-1.02	205.1239444
1796	-1.14	196.8598979
1795	-0.97	197.431367
1794	-1.12	190.9147335
1793	-1	192.8652916
1792	-0.79	215.3508284
1791	-1.07	236.4032282
1790	-1.01	236.2153694
1789	-1.09	231.7292076
1788	-1.18	245.8383775
1787	-1.13	278.616673
1786	-1.31	287.1976895
1785	-0.23	243.5710425
1784	-0.71	213.1916479
1783	-1.57	214.5375143
1782	-0.43	235.8077196
1781	-1.51	238.3539622
1780	-0.94	215.5335677
1779	-1.36	196.9536987
1778	-1.09	197.4855669
1777	-0.93	213.836702
1776	-0.94	257.0636358
1775	-0.21	272.822424
1774	-0.45	234.6025899
1773	-1.04	207.5400144
1772	-0.71	214.5144551
1771	-1.1	218.0398471
1770	-1.3	208.6630662
1769	-0.88	202.8984292
1768	-1.19	195.1436324
1767	-1.03	185.3625816
1766	-0.63	181.28996
1765	-0.65	182.629046
1764	-0.52	187.173296
1763	-0.55	191.0210192
1762	0.07	196.0539145
1761	-0.95	208.0819715
1760	-0.44	214.7909616
1759	-0.95	201.8591541
1758	-0.74	191.3360304
1757	-0.6	188.4929016
1756	-0.91	187.430124
1755	-0.83	191.221014
1754	-1.17	191.2922777
1753	-0.97	187.698178
1752	-1.38	185.6836871
1751	-1.42	187.8718363
1750	-1.2	194.1091911
1749	-0.93	199.588339
1748	-0.91	208.4002524
1747	-1.49	214.158404
1746	-1.74	208.547285
1745	-1.63	208.468564
1744	-1.61	232.4715114
1743	-1.4	245.593311
1742	-1.72	217.7373862
1741	-1.36	197.1101282
1740	-0.74	188.2669158
1739	-0.56	187.1136236
1738	-1.17	187.5309932
1737	-1.45	184.1684895
1736	-0.95	182.5417636
1735	-1.98	184.3525961
1734	-1.34	198.6420326
1733	-0.99	224.8936754
1732	-0.77	237.2294685
1731	-0.4	245.4029968
1730	-0.31	250.9055719
1729	-0.24	244.3284297
1728	-1.13	241.1281911
1727	-0.61	240.6070394
1726	-0.65	231.3135475
1725	-0.87	234.1920885
1724	-1.06	228.8565237
1723	-1.6	222.4619971
1722	-1.03	205.6072711
1721	-1.32	197.5201417
1720	-1.13	209.756965
1719	-1.34	228.170068
1718	-1.71	223.7131601
1717	-0.76	216.9359829
1716	-0.69	206.5593472
1715	-0.51	203.8217289
1714	-1.49	208.40535
1713	-0.82	222.9023811
1712	-0.72	216.1567209
1711	-0.84	196.4853619
1710	-0.56	188.6609247
1709	-1.08	194.9412447
1708	-0.97	215.5367584
1707	-1.09	233.2959682
1706	-1.43	235.5071835
1705	-1.69	227.4306429
1704	-0.65	216.4370699
1703	-0.81	219.7022967
1702	-1.23	205.9624435
1701	-1.53	199.0556403
1700	-1.5	214.3535525
1699	-1.72	239.0560299
1698	-1.74	241.8175457
1697	-1.45	230.4563651
1696	-1.37	232.8681212
1695	-0.89	229.2498609
1694	-1.09	216.6638186
1693	-1.04	207.4790927
1692	-0.84	205.9574398
1691	-1.35	203.0252334
1690	-1.15	199.9206678
1689	-1.08	197.130395
1688	-1.45	200.3444861
1687	-0.95	199.2487044
1686	-1.4	191.3383651
1685	-1.1	189.0590461
1684	-0.97	195.1972712
1683	-1.42	211.2658854
1682	-1.6	224.1889767
1681	-1.26	228.7196291
1680	-1.76	229.6877599
1679	-1.36	212.6232573
1678	-1.44	201.4470975
1677	-1.67	190.0779661
1676	-1.28	186.3631403
1675	-0.92	198.6040064
1674	-0.88	NaN
1673	-0.78	NaN
1672	-0.74	NaN
1671	-1.26	NaN
1670	-1.27	NaN
1669	-1.15	NaN
1668	-1.34	NaN
1667	-0.91	NaN
1666	-1.03	NaN
1665	-0.27	NaN
1664	-0.4	NaN
1663	-0.9	NaN
1662	-0.98	NaN
1661	-1.18	NaN
1660	-0.71	NaN
1659	-0.68	NaN
1658	-0.67	NaN
1657	-0.79	NaN
1656	-0.9	NaN
1655	-0.63	NaN
1654	-0.56	NaN
1653	-1.32	NaN
1652	-1.36	NaN
1651	-1.8	NaN
1650	-1.31	NaN
