1785	-14.8	-14.9	-4.8	-6.8	0.1	3.4	7.2	8.1	2.5	-0.2	-7.2	-8.9	-3
1786	-9.7	-9.1	-6.1	1.2	3.8	5.6	9.1	7.3	2.7	-0.7	3.6	-7.1	0.1
1787	-13.2	-13	-11.4	-1.4	2.4	8.2	-1000	-1000	-1000	-1000	-1000	-1000	-1000
1788	-1000	-1000	-1000	-1000	-1000	-1000	-1000	-1000	-1000	-1000	-4.1	-1.1	-1000
1789	-5.9	-13.5	-7.3	-2.9	1.7	6.6	9.2	6.2	3.8	-1.5	-1.8	-10.5	-1.3
1790	-12.3	-12.5	-12.2	-4	0.7	4.7	7.6	8.7	2.5	-1.4	-4.9	-12.1	-2.9
1791	-21.4	-12.9	-14.1	-0.4	-1.9	5.2	7	6.2	6.1	-0.9	-5.5	-9.2	-3.5
1792	-11.4	-10.2	-11.1	-2.9	1.2	3.6	-1000	-1000	-1000	-1000	-1000	-1000	-1000
1793	-1000	-1000	-1000	-1000	-1000	-1000	-1000	-1000	-1000	-1000	-1000	-1000	-1000
1794	-1000	-1000	-1000	-1000	-1000	-1000	-1000	-1000	-1000	-1000	-1000	-1000	-1000
1795	-1000	-1000	-1000	-1000	-1000	-1000	-1000	-1000	-1000	-1000	-1000	-1000	-1000
1796	-1000	-1000	-1000	-1000	-1000	-1000	-1000	-1000	-1000	-5.5	-4.5	-6.3	-1000
1797	-11.7	-16	-12.2	-9.6	1.9	4.5	7.5	6.8	2.9	-0.2	-3.4	-8.2	-3.1
1798	-14.8	-12.3	-5.2	-6.6	0.8	3.5	6.1	5.1	1.2	-2.7	-5.5	-10.1	-3.4
1799	-13.5	-8.6	-14.2	-6	0.8	3	-1000	-1000	2.7	-2.5	-8.2	-2.9	-1000
1800	-9	-12.7	-7.6	-7.7	2.4	5.6	6.1	6.3	1.3	-1	-6.6	-9.3	-2.7
1801	-14.3	-9.9	-11.1	-8.2	-2.5	1.9	6.7	6.3	1.3	-1.7	-6.4	-6.8	-3.7
1802	-10.3	-17.3	-16.8	-10.7	-0.2	-1000	-1000	-1000	-1000	-1000	-1000	-1000	-1000
1803	-1000	-1000	-1000	-1000	-1000	-1000	-1000	-1000	-1000	-1000	-1000	-1000	-1000
1804	-1000	-1000	-1000	-1000	-1000	-1000	-1000	-1000	-1000	-1000	-1000	-1000	-1000
1805	-1000	-1000	-1000	-1000	-1000	-1000	-1000	-1000	-1000	-1000	-1000	-1000	-1000
1806	-1000	-1000	-1000	-1000	-1000	-1000	-1000	-1000	-1000	-1000	-7.6	-13.4	-1000
1807	-6.7	-13	-1.2	-4.5	-1000	-1000	-1000	4.7	4.6	-0.1	-2.9	-4.6	-1000
1808	-14.9	-9.4	-8.3	-3.4	-0.5	4.2	6.7	6.4	-2.9	-3.7	-6.3	-5.9	-3.2
1809	-5.2	-10.4	-7.6	-3.3	-0.9	1.3	5.2	4.5	2.1	-3.3	-4	-12.3	-2.8
1810	-12.2	-13.9	-8.6	-8.4	-0.2	2.1	6	2.9	-1.2	-2.5	-5.2	-7.9	-4.1
1811	-15.7	-15.9	-20.2	-7.7	-1	1.7	3.6	3.6	0	-4.2	-11.5	-9	-6.4
1812	-9.2	-15.7	-9	-3.7	1	3	6.5	5.7	0.2	-3.4	-4.7	-5.1	-2.9
1813	-14.8	-12	-21.3	-7.6	-4	6	7.5	5.5	2.9	0.2	-6.5	-8.6	-4.4
1814	-6.9	-14.4	-15.8	-5.2	2	2.7	7.5	-1000	-1000	-1000	-5.3	-5.4	-1000
1815	-9.5	-15.4	-20.7	-9.2	-0.8	2.7	-1000	-1000	-1000	-1000	-1000	-1000	-1000
1816	-12.8	-8.3	-10.5	-3.8	-1	2.7	5.7	3.9	1.8	-2	-6.6	-18.8	-4.1
1817	-15.4	-16.6	-17.5	-6.9	-1.5	3	3.7	4.7	1.3	-4.2	-7.6	-11.8	-5.7
1818	-21.2	-20.5	-17.2	-2.9	-1	2.9	6.3	5.2	0.9	-4.7	-9.7	-10	-6
1819	-17.1	-11.6	-11.7	-5.2	-1	2.7	4.8	2.1	-1.3	0.8	-4.7	-5	-3.9
1820	-6.9	-12.8	-10.6	-10	1.6	4.9	4.5	3	0.8	-1.9	-4.3	-7.8	-3.3
1821	-13	-12.2	-9.1	-5.2	0.2	4.9	-1000	-1000	-1000	-1000	-1000	-1000	-1000
1822	-1000	-1000	-1000	-1000	-1000	-1000	-1000	-1000	-1000	-1000	-1000	-1000	-1000
1823	-1000	-1000	-1000	-1000	-1000	-1000	-1000	-1000	-1000	-1.1	-5	-16.2	-1000
1824	-10.8	-12.8	-9.7	-2.2	2.7	6	7.7	-1000	-1000	-1000	-1000	-1000	-1000
1825	-1000	-1000	-1000	-1000	-1000	-1000	5.3	-1000	-1000	-3.2	-9.7	-13.5	-1000
1826	-12.5	-1000	-13	-14.9	-1.1	0.2	-1000	-1000	2.1	-2.2	-3.1	-8.1	-1000
1827	-12.7	-3.5	-12.4	-5.5	-0.3	-1000	-1000	-1000	-1000	-1000	-1000	-1000	-1000
1828	-1000	-1000	-1000	-1000	-1000	-1000	-1000	-1000	-1000	-2.4	-5	-10.2	-1000
1829	-8.6	-7.4	-2.4	-0.9	-1000	-1000	-1000	-1000	-1000	-1.2	-3.4	-8.6	-1000
1830	-4.3	-9.4	-13.2	-4.5	-1000	-1000	-1000	-1000	4.1	-2.1	-7.5	-8.1	-1000
1831	-6.1	-9	-9.8	-1.9	2.8	-1000	-1000	-1000	-1000	-4.7	-5.3	-6.4	-1000
1832	-12.5	-16.5	-19.6	-4.2	0.8	-1000	-1000	-1000	-1000	-4.6	-9.8	-19.4	-1000
1833	-14.5	-13.7	-6.9	-3.4	-1000	-1000	-1000	6.6	2.6	-3.8	-9.4	-17.5	-1000
1834	-11.9	-16.2	-10.2	-3.9	-0.3	-3.8	6	-1000	-3.4	-2	-4.4	-12.6	-1000
1835	-18.7	-16.6	-13.5	-5.2	1.4	2.7	-1000	-1000	-1000	-3.7	0.5	-5.5	-1000
1836	-11.5	-14	-11.9	-8.7	0.7	2.1	4	-1000	2.6	-5.3	-11.2	-12.4	-1000
1837	-14.7	-20.2	-7.2	-6.1	1.9	-1000	-1000	5.1	2.4	-4.4	-13.8	-15.8	-1000
1838	-14.8	-9.3	-13.6	-5.2	2.7	-1000	-1000	-1000	-1000	-3.6	-4.4	-9.9	-1000
1839	-13.9	-17.7	-11	-5.8	-1000	-1000	-1000	-1000	-1000	-3.3	-7.1	-8.6	-1000
1840	-11.5	-13.9	-2.1	-5.4	2	4.2	6.2	4.6	1.7	-1.9	-8.7	-10	-2.9
1841	-11.6	-7.5	-9.6	-6.5	0.5	2.2	5	5.5	2.4	-2.1	-7.7	-10.1	-3.3
1842	-11.6	-15.7	-12.6	-4.5	2.4	3.8	6	4.7	3	0.9	-7.7	-11.2	-3.5
1843	-12.7	-6.6	-4.5	-3.2	1.8	5.3	6.2	5.2	3.2	0.6	-10.6	-14.7	-2.5
1844	-14.6	-12.6	-12.1	-11.4	-2.6	5.1	6.5	5.8	2.3	-0.9	-8.2	-8.8	-4.3
1845	-11.5	-13.7	-6.3	-2.6	0.7	3.8	8.6	6.9	2.9	-3.1	-5.6	-10.6	-2.5
1846	-11.1	-8.9	-8.3	-3.1	1.4	2.3	5.2	5.5	3	-3.4	-5.1	-3.9	-2.2
1847	-3.4	-4	-0.1	-0.7	3.2	4.7	4.8	4.2	2.2	0	-10.5	-14.8	-1.2
1848	-12.5	-11.8	-8.3	-2.1	3.3	6.1	8	6	3.4	0.3	-1.8	-15.5	-2.1
1849	-14.9	-15.1	-11.1	-2.2	2.7	5.2	5.4	5.6	3.5	-2.2	-7.5	-4	-2.9
1850	-9.3	-15.5	-9.7	-4.5	3.4	5.7	6.7	5.7	3.9	-0.3	-6.3	-9.3	-2.5
1851	-7.3	-12.5	-5.7	-2.7	1	4.4	-1000	-1000	2.2	-1.9	-2	-10.3	-1000
1852	-15.8	-7.4	-5.4	-3.4	1.7	5.6	7.6	6.5	3.1	-0.1	-4.4	-7.7	-1.6
1853	-14.2	-2.4	-10.6	-1.9	2.1	4.8	6.5	6.9	0.5	-2.1	-9.7	-8.4	-2.4
1854	-9.9	-14.5	-13.2	-7	-2.3	4.1	7.8	6.9	2.3	-2.7	-2.5	-10.1	-3.4
1855	-10.8	-7.9	-9.8	-8.8	-1.3	2.9	6.6	5.6	1.3	-2	-4.5	-4.5	-2.8
1856	-5.7	-3.3	-3.7	-3.4	2	3.6	7.5	6	3.7	-2	-0.7	-6.2	-0.2
1857	-9.5	-15.8	-9.4	-4.7	0.9	6.4	7.2	6.9	3.4	-3.2	-6.3	-10.8	-2.9
1858	-14.7	-11.3	-5.9	-5.7	-0.3	5.4	6.9	6	1.1	-2.3	-3.5	-10.1	-2.9
1859	-16	-14.5	-12.3	-3.2	4.3	3.7	5.8	4.9	3	-1.5	-4.9	-5.8	-3
1860	-10	-6.3	-10.3	-5	3.1	5.6	6.9	5.4	2.5	-3.8	-2.7	-6.1	-1.7
1861	-11.8	-12	-15.8	-9.9	0.3	3.4	5.3	5.6	1.9	-3.3	-6.5	-7.7	-4.2
1862	-13.6	-6.9	-12.6	-11.9	0	3	6.1	6	2	-4	-7.3	-12.8	-4.3
1863	-17.7	-21.5	-15.5	-10.7	0.5	2.6	4.1	3.4	1.6	-4.5	-7.1	-18.8	-7
1864	-14.8	-11.4	-8.2	-8.4	1.7	4.1	3.8	5.7	3.5	0.7	-3.9	-5.7	-2.7
1865	-13	-9.5	-6.3	-8.1	0.7	1.3	6.7	2.9	0.2	0.6	-6.4	-10.4	-3.4
1866	-16.7	-14.3	-9.3	-5.1	1.8	3.5	5.9	4.5	1	-5.6	-7.9	-12.7	-4.6
1867	-6.7	-14.7	-9	-4.8	1.5	3.9	7.3	6	2.1	-2.4	-2.6	-7.2	-2.2
1868	-10.5	-20.2	-14.5	-4.1	0.6	2	4.3	5.2	2.8	-4.5	-6	-9.4	-4.5
1869	-13.9	-15.5	-6.5	-7.1	2.7	4.4	6	4.9	2.4	0.9	-6.6	-10.3	-3.2
1870	-10.7	-9.5	-12.4	-8.9	-0.1	3.4	5.9	7.3	0.5	-2.4	0.2	-3.4	-2.5
1871	-12.1	-7.7	-14.9	-3.4	2	6.2	6.7	6.1	3.2	-0.6	-0.9	-4.2	-1.6
1872	-8	-4.8	-5.8	-1.5	1.9	4.9	7.5	7.8	5.1	-0.3	-5.2	-6.6	-0.4
1873	-13.5	-7.9	-11.5	-3.5	3.2	3.5	7.8	5.5	2.2	-2.6	-4	-10.9	-2.6
1874	-16.2	-9.9	-8.9	-4.1	3.6	4.7	6.9	6.3	2.5	-5.3	-4.3	-4.5	-2.4
1875	-6.8	-8.4	-14	-2.2	-1.9	2.6	6.5	5.5	3.4	0.1	-1.7	-6.1	-1.9
1876	-12.6	-10.4	-8.4	-4.7	0.8	4.2	5.9	6	4.6	-0.6	-4.1	-4.5	-2
1877	-14.1	-11.2	-7.3	-2.9	2.9	5.7	6.4	7.6	5.8	-0.9	-7.2	-9.9	-2.1
1878	-9.6	-9.7	-7.3	-3.3	0.8	4.7	7.3	6.5	1.7	-1.6	1.7	-0.5	-0.8
1879	-6.5	-10.5	-10.9	-2	1.4	4	6.3	6.9	0.7	-1.5	-3.7	-11	-2.2
1880	-13.1	-16.7	-10.6	-4.1	1.1	5.1	7.7	5.6	3	1.7	-5.5	-8	-2.8
1881	-4.4	-9.1	-9.5	0.2	2.4	3.7	5.4	4.9	2.1	-1.3	-5.6	-11.3	-1.9
1882	-17.6	-14.3	-15.8	-5.6	1.3	4.5	5.5	4.7	2.5	-3.4	-7.3	-8.2	-4.5
1883	-13	-17.7	-5.9	-6.2	0.9	3.8	6.8	4.8	3.4	-3.6	-6.7	-15.2	-4.1
1884	-17.3	-18.1	-15.4	-4.5	-0.2	2.8	5.8	3.6	0.8	-4.2	-7.2	-12.5	-5.5
1885	-9.3	-11.6	-7.8	-4.6	1.5	2.5	6.6	7.8	2.2	-1.9	-7.5	-7.9	-2.5
1886	-13.2	-13.8	-10.3	-8.5	1.4	3	6.4	5.4	3	-2.1	-5.3	-9.4	-3.6
1887	-14.7	-17.7	-14.6	-6.5	-0.6	3.9	6.8	6.2	2.6	-1	-3.1	-9.3	-4
1888	-7.7	-9.7	-8.5	-3.3	2	6.1	7.2	7.9	2.3	0.3	-7.3	-11.5	-1.9
1889	-13.8	-8.7	-8.7	-4.7	0.6	2.8	7.6	5.1	3.5	-1.2	-7.6	-10.6	-3
1890	-14.6	-13.6	-11.3	-4.5	0.8	4.2	6.6	5.7	1.3	-2.1	-7.4	-8.1	-3.6
1891	-11.4	-18.8	-9.8	-7.3	2.1	7.3	6.5	7.1	2.2	-4	-5.7	-9.7	-3.5
1892	-11.2	-9.9	-8.9	-3.9	2.1	6.9	6.4	6.1	2.1	2.5	-5.9	-5.2	-1.6
1893	-7.2	-11	-8.7	-6.1	-0.1	4.9	7.2	7.6	5.2	-1.3	-3	-12.1	-2.1
1894	-14.3	-18.7	-14.9	-9.4	1.6	2.1	7.1	6.4	2.8	-0.1	-8.1	-10.7	-4.7
1895	-6.2	-4.3	-6.4	-4	0.4	4.4	7.4	6.2	2.4	0.9	-6.9	-9.8	-1.3
1896	-13.4	-15.9	-12.3	-7.7	-2	4.5	6.4	6.9	2.7	0.7	-7.4	-12.5	-4.2
1897	-11.3	-13.7	-8	-9.7	-0.8	6	6.2	5.5	3.7	-0.1	-6.3	-9	-3.1
1898	-15.1	-20.1	-9.7	-6.8	0.3	5	5	5	1.9	-1.7	-9.3	-14.1	-5
1899	-12	-13.4	-8.7	-3.5	2.2	5.3	6.3	6.6	3.5	-2.8	-7.6	-10.5	-2.9
1900	-13.3	-5.8	-3.6	-5.3	2.7	6.5	8.4	7.8	2.6	-1.1	-7.3	-11.1	-1.6
1901	-13.8	0.1	-7.3	-5.8	1	3.6	6.1	5.5	3	-2.6	-2.7	-7.2	-1.7
1902	-11.3	-7.9	-11.3	-4.1	2.1	6	7.4	7.5	4.2	-0.2	-6.6	-10.8	-2.1
1903	-11.5	-12.6	-15.8	-5.3	-0.3	4	6.9	5.8	4.5	0.9	-4	-4.7	-2.7
1904	-13.1	-12.4	-12.4	-9.8	0.9	5.6	6.6	8.6	2.3	-4.7	-4.7	-5.5	-3.2
1905	-14.7	-11.6	-7.2	0	2.3	3.7	7.1	6.5	2.2	1.6	-3.1	-10.9	-2
1906	-14.2	-17	-10.1	-9	2.5	4.9	5.7	8.3	4	-1.9	-7.7	-10.1	-3.7
1907	-13.6	-13.9	-15.9	-7.4	0.8	3.3	6.8	6.4	2.5	-0.1	-6.8	-9.4	-3.9
1908	-12.4	-13	-9.2	-1.3	0.4	3.8	9.4	6	5.2	-3.3	-4.4	-9.4	-2.4
1909	-15.8	-10.3	-2.9	-2.6	3.1	7	6.3	5.9	4.6	-3.1	-4.1	-12.1	-2
1910	-14.3	-18.3	-12.4	-4.5	0	3.6	6.8	7.9	2.4	-0.9	-6.6	-7.4	-3.6
1911	-13.1	-16	-9.4	-4	0.2	4.2	7	7.5	3.6	0.7	-4.4	-11.2	-2.9
1912	-9.2	-7.1	-8.9	-2.7	1.7	6.6	6.7	7.2	4	-2.1	-4	-8.1	-1.3
1913	-10.1	-7.5	-13	-6.4	0.9	6.3	6	4.8	3.5	-0.9	-9	-11.4	-3.1
1914	-13.1	-14.6	-11.9	-6	-1.6	1.6	5.4	5.3	1.9	-1	-5.2	-14.4	-4.5
1915	-13	-13.5	-7.4	-6.6	3.2	4.8	7	6.7	6	-0.6	-1.8	-4.5	-1.6
1916	-9.9	-11	0.1	-5.4	3.9	5.2	6.3	7.9	5.4	-1.6	-4	-5.7	-0.7
1917	-5.5	-6.9	-5.7	-3.5	1.5	4.8	8.7	7.6	2.8	-4	-7.4	-9.1	-1.4
1918	-11.1	-14.6	-10.7	-8.7	0.7	1.6	6.7	6	3.4	-2.4	-8.8	-9.8	-4
1919	-10.5	-11.1	-7.6	-7.7	2.2	2.4	6.4	5.9	2.9	1.4	-2.9	-7.3	-2.2
1920	-14.2	-12.9	-12.8	-2.5	-0.1	5.5	6.3	4.9	2.3	-2.1	-9.2	-8.3	-3.6
1921	-12.2	-14.9	-12.9	-7.4	1.5	4	6.4	6.6	2.8	-1.9	-3.8	-10.5	-3.5
1922	-12.2	-18.8	-7.8	-3.1	0.3	1.6	5.7	6.4	2.2	0.4	-4.3	-6.7	-3
1923	-12.9	-6.8	-7.1	-2.4	2.9	5.9	7.8	6.7	3	-0.6	-3.3	-6.7	-1.1
1924	-7.1	-8.6	-6	-2	3.4	7.4	6.9	6.7	3	-1.8	-4.5	-11.8	-1.2
1925	-13.9	-14.3	-7.1	-5.6	1.4	4.1	5.7	5.8	4.4	0.5	-2	-2.9	-2
1926	-6.7	-7.9	-8	-2.7	3.6	7.2	8	7.1	3.4	1.1	-4.9	-6.1	-0.5
1927	-7.8	-9.9	-9.4	-3.7	3.6	6.4	7	7.6	5.7	0.3	-4.4	-4.2	-0.7
1928	-8.8	-11.4	-3.7	-2	4.2	7.4	8.5	9.1	5.7	1	-2.9	-6.3	0.1
1929	-1.2	-4.9	-2.2	0.2	3.9	6.9	8.4	8.2	3.2	-1.7	-4.9	-9.2	0.6
1930	-10.6	-9.3	-3.7	-1.6	3.6	5.2	7.8	6.7	6	-1	-5.3	-8	-0.9
1931	-5.5	-9.7	-11.2	-5	3.5	7.1	8.8	8.9	6.7	-0.6	-8.2	-8.3	-1.1
1932	-13	-2.5	-0.5	-0.8	5.1	6.4	8.8	6.6	4.6	0.4	-5.5	-9.8	0
1933	-13.3	-6.4	-8.3	-3.9	4.3	4.8	8.6	7.7	3.6	-0.3	-2.7	-5.6	-1
1934	-10.1	-10.2	-10.4	-1.6	0	5.5	8.5	7	3.7	-0.9	-3.1	-4.3	-1.3
1935	-9.4	-12.4	-5.8	-0.2	4.9	6.7	7.8	7.8	5.7	-0.9	-5.1	-5	-0.5
1936	-3.3	-3.7	-6.2	-1.1	2.6	5.6	9.7	7.2	4.8	-0.4	-3.3	-10.4	0.1
1937	-13.3	-11.1	-2.1	-6.8	0.7	4.9	7.3	6.7	4.1	-1.3	-1.2	-7.5	-1.6
1938	-12.5	-11.2	-11.1	-6.1	1.7	3.8	5.9	6.8	3.7	-2.8	-7.7	-10.4	-3.3
1939	-6	-13.3	-9.5	-0.8	2.6	5.8	8.8	6.3	5.6	1.4	-4.3	-4.8	-0.7
1940	-6.6	-4	-5.5	-1.5	1.8	4.2	7.5	5.1	2.8	0.2	-4.8	-4.8	-0.5
1941	-4.1	-5	-2.9	-0.5	3.6	5.8	7.4	9.2	4.6	2.5	-4	-7.4	0.8
1942	-8.8	-5	-5.9	-5.2	3.7	6.4	7.7	6.9	3.8	-1.7	-2.1	-5.2	-0.5
1943	-3.2	-10.7	-11.1	-6.5	0.4	4.9	6.7	6.1	3.5	-2.9	-4.4	-6	-1.9
1944	-12	-8.1	-7.3	-2.1	0.1	5.3	6.7	7.2	3	-1.3	-7.4	-9.4	-2.1
1945	-5.6	-13.9	-7	-7.3	1.3	5.7	6.3	6.6	2.9	1.3	-4.3	-3.2	-1.4
1946	-10.2	-6.4	-3.8	-5.6	3.6	5.6	5.8	7	3.8	0.7	-1.4	-3.4	-0.4
1947	-5.8	-1.5	-2.8	-3	3	7.5	7.4	6.2	3.4	-0.3	-2.7	-3.6	0.7
1948	-7.7	-8.7	-11.6	-4.5	0.7	7.9	9	7.5	3.9	-1.4	-5.4	-9.9	-1.7
1949	-12.4	-15.9	-8.2	-9.3	1.2	6.6	8.5	6.6	3	-1.7	-4.8	-7.8	-2.9
1950	-12.7	-12.1	-5.6	-4.7	2.5	6.7	8	6.9	3.6	-1.8	-4.6	-3.6	-1.5
1951	-9.2	-13.2	-8.9	-5.1	3	7.2	6.9	6.4	5.4	-1.9	-2.8	-10	-1.9
1952	-10.1	-8.8	-9.6	-4.3	3.1	5.6	6.9	7.4	5.4	0.3	-1.7	-3.4	-0.8
1953	-8.9	-7.8	-10.3	0.2	3	4.6	7.5	6.8	3.6	-2.4	-6.9	-13	-2
1954	-7.8	-11.9	-5.4	-3.9	3.6	5.1	6.2	7	4.1	-0.6	-5.8	-10.6	-1.7
1955	-11.6	-6	-4.4	-5.7	2.3	6	4.6	5.4	3.2	1.1	-1.8	-5.7	-1.1
1956	-12.2	-8.6	-6.2	-1.4	0.5	3.9	6.7	7.6	3	-1.6	-6.3	-12.4	-2.3
1957	-12.8	-8.8	-6.5	-2.7	2.8	7.3	7.7	7.2	5.6	-1.9	-4	-8	-1.2
1958	-10	-6.1	-6.9	-5	2.7	6.1	9	7.1	4	-0.9	-5.4	-4.3	-0.8
1959	-4.1	-10.8	-11.8	-2.7	3.1	4.6	7.2	6.2	3.4	-0.2	-4.2	-9.1	-1.5
1960	-6.6	-7.6	-10.2	-5.2	2.1	5.5	9	9.7	4.1	4	-2	-6.7	-0.3
1961	-6.4	-13.6	-12.6	-2.2	1.7	6	7.6	7.2	3.9	0	-5	-4.1	-1.5
1962	-8	-9.4	-1	-2.6	3.4	5.2	7.7	6.7	3.7	0	-3.6	-5.9	-0.3
1963	-4.6	-3.6	-6.7	-1.7	-0.3	4.4	6.3	7.1	2.1	-3.4	-5.6	-2.7	-0.7
1964	-5.6	-3.7	-12.5	-4.4	1	4.2	5.7	7.2	5.2	-0.9	-4.4	-6.9	-1.3
1965	-8.7	-3.1	-4.3	-3.4	4.7	5.2	8.4	7.5	4	-0.8	-1.5	-7	0.1
1966	-9	-4.8	-8.8	-2.5	0.9	4.2	7.5	8.3	5.4	3.1	-3.8	-8.7	-0.7
1967	-3.4	-10.1	-12.9	-7.2	2.4	3.7	7.4	6.7	3.5	-2.6	-5.8	-6.6	-2.1
1968	-8.7	-7.1	-11.3	-1.8	4	4.8	8.5	6.1	4.3	-0.2	-3.8	-5.1	-0.9
1969	-5.1	-5.1	-6.5	-4.6	2.2	4.6	5.4	6.1	1.5	-2.2	-4.2	-8.4	-1.4
1970	-8.1	-8.1	-5.7	-3.9	-0.7	3.3	5.2	5.4	4.1	-0.9	-4.8	-6.5	-1.7
1971	-8.8	-13.7	-7.7	-4.9	0.1	5.3	7.7	5.6	3.5	-2	-4.6	-14.9	-2.9
1972	-14.2	-10.8	-13.6	-5.9	0.7	2	4.5	5.2	4.4	-1.3	-6.8	-9.6	-3.8
1973	-7.7	-13	-10.3	-2.1	-0.1	3.7	6.6	6.6	4.5	-0.3	-2.9	-6.2	-1.8
1974	-10.4	-8.7	-6.6	-4.6	2.2	5	7.7	7.2	3.2	0.7	-5	-14.3	-2
1975	-13.1	-8.4	-8.3	-3.6	2.3	4.7	7.1	7.4	2.7	0.5	-5.3	-8.3	-1.9
1976	-10.4	-13.4	-11.8	-4.5	1.6	4.6	7.2	4.6	4.9	-1.5	-3.6	-3.6	-2.2
1977	-3.7	-4.9	-4.4	-1.7	2.8	5.2	9.2	7.5	3.1	-1.6	-2.1	-7	0.2
1978	-10.5	-5.9	-10.3	-2.2	0.2	2.9	8	7.4	4.6	-1.1	-8.2	0.6	-1.2
1979	-5.6	-5.7	-8.4	-1	2.2	4.1	6.9	7.3	3.7	-0.7	-7.3	-8.9	-1.1
1980	-3.1	-6.4	-6.1	-5.6	2.4	4.3	7.1	7.1	4.1	0.6	-3	-6.5	-0.4
1981	-7.4	-10.8	-7.4	-3.9	1.1	5.5	7.7	5.4	4.4	-1.4	-5.7	-4.9	-1.5
1982	-6.2	-14	-11.3	-4.9	0.1	3.7	6.2	5.3	1.3	-1.7	-7.5	-11.3	-3.4
1983	-22.7	-14.2	-15.5	-5.9	-0.1	3.9	5.8	4.3	2.6	-3	-5.2	-7.4	-4.8
1984	-19.9	-21.9	-11	-9.8	-1.4	3.4	8.1	5.1	2.8	-2.5	-3.8	-10.8	-5.1
1985	-2.5	-8	-6.7	-2.3	4.2	6.4	8	6.6	5	-1.3	-2.7	-2.9	0.3
1986	-6	-0.5	-11.1	-3.5	0.8	3.9	7.4	7.9	5.2	-3.3	-8.8	-9.6	-1.5
1987	-7.4	-10	-9.9	-7.6	1.3	7.1	6.8	8.9	4	-1.3	-4	-6.7	-1.6
1988	-9.6	-6.3	-5.9	-4.7	0.9	4.2	6.5	7.1	3.9	-0.1	-1.9	-7.6	-1.1
1989	-13.5	-16.9	-16.6	-6	-0.5	3.5	6	5.3	1.4	-2.5	-2.5	-5.4	-4
1990	-11.4	-13.6	-12.1	-8.9	0.4	5.4	7.6	6.5	3	-1.5	-1.1	-9.4	-2.9
1991	-12.6	-9.8	-7.3	-6.5	0.1	6.2	9.2	6.5	4.3	-0.8	-6.7	-7.2	-2.1
1992	-8.4	-18.8	-10.9	-6.8	-3.4	1.9	6.7	5.1	2.9	1.4	-7	-10.4	-4
1993	-17.3	-14.7	-17.5	-7	-0.9	5.3	6.9	6.4	5.1	1.4	-7.8	-11.1	-4.3
1994	-10.4	-10.7	-14.6	-4.2	2.4	3.5	6.8	6.5	2.4	-0.9	-4	-11.1	-2.9
1995	-13.8	-13.1	-16.1	-2.1	2.2	5.9	7.5	6.3	4.8	-1.8	-0.3	-6	-2.2
1996	-7.5	-7.6	-7	-1.6	3.1	4.4	6.2	5.9	4	-2.3	-4.9	-4.5	-1
1997	-5.1	-14.5	-11.3	-4.3	2.3	7.6	6.4	6	3.6	0.9	-3.2	-4.1	-1.3
1998	-5.2	-14.3	-9.7	-0.6	2.2	6.3	8.1	6.8	4.7	-1.1	-4.8	-4.4	-1
1999	-10.3	-12.1	-8.4	-0.7	-0.8	3.7	8.1	7.5	3.1	-0.7	-5.2	-6.4	-1.9
2000	-7.5	-10.9	-9.9	-0.2	0.2	6.7	7.8	7.2	5	-1.6	-3.3	-4.4	-0.9
2001	-9.9	-9.8	-6.7	-2	1.3	6.3	7.3	8.6	5.5	0.5	-3.9	-4	-0.6
2002	-6.7	-13	-10.8	-5.2	3.6	5.2	6.8	6.1	5.6	0.1	-1.7	-3.5	-1.1
2003	-2.6	-10.4	-6	-3.6	2.7	7.2	8.9	8.8	6	3.5	-3.5	-4	0.6
2004	-5.2	-5.6	-9.4	-2.7	3.7	5.8	6.5	7.8	3.8	1.4	-2	-9	-0.4
2005	-9.1	-3.8	-2	-1.3	2.1	7.1	8.8	7.6	3.7	-1	-1.4	-4.9	0.5
2006	-10.6	-5.1	-3.2	-3.8	2.8	5	7.7	8	5.3	0.7	-5.9	-6.9	-0.5
2007	-6.7	-2.2	-8	-4.1	1	6.3	9.5	8.9	3.8	-0.5	-3.4	-8.5	-0.3
2008	-12.3	-13.3	-8.7	-1.1	3.2	6	9.7	7.6	3.4	-0.9	-3.2	-7.4	-1.4
2009	-5.5	-5.4	-10.5	-3.2	0.7	5.3	8	7.8	3.1	-0.4	-6.9	-2.8	-0.8
2010	-3.3	-1.2	-4.2	-1	5.8	7.5	8.3	9.8	7.2	2.5	1.1	-0.2	2.7
2011	-5.3	-8.1	-9.2	-9.4	0.2	5.5	9	6.9	3.7	-2.3	-6.2	-8.4	-2
2012	-8.6	-8.4	-11.3	-1.6	3.2	7.5	10.6	8.2	5.4	2.4	-3.2	-5.1	-0.1
2013	-5.6	-7.4	-3.4	-1.3	-1	5.3	7.4	6.6	3.8	0.5	-4.2	-8.4	-0.6
2014	-6	-8.1	-9.2	-6.2	1.5	6.8	8.9	8.1	4.2	-0.5	-3.3	-7.5	-0.9
2015	-11.8	-13.3	-12.4	-6.1	-0.3	4.7	8.3	7.1	3.7	-1.8	-7.8	-10.3	-3.3
2016	-5.7	-6.4	-5	1.6	3	7.4	9.3	7.9	3.9	-1.1	-3.8	-7.3	0.3
2017	-7.5	-9.6	-7.8	-5.9	1.9	4.8	7.7	6.9	3.6	0.7	-3.1	-3.4	-1
2018	-9	-14.5	-7.4	-2.9	-1.5	4.2	6.2	6.7	3.4	-3	-3.6	-3.8	-2.1
2019	-7.5	-6.1	-7.9	-0.9	4.7	6.8	8.9	8	5.1	2.2	-0.2	-5.9	0.6
